2441
0 1
1 2
1 3
1 4
4 5
4 614
4 1223
4 1832
5 6
5 158
5 310
5 462
6 2290
6 2291
6 9
9 10
9 47
9 84
9 121
10 11
10 20
10 29
10 38
11 150
11 13
11 14
14 15
14 16
14 17
14 18
14 19
20 150
20 22
20 23
23 24
23 25
23 26
23 27
23 28
29 150
29 31
29 32
32 33
32 34
32 35
32 36
32 37
38 150
38 40
38 41
41 42
41 43
41 44
41 45
41 46
47 48
47 57
47 66
47 75
48 150
48 50
48 51
51 52
51 53
51 54
51 55
51 56
57 150
57 59
57 60
60 61
60 62
60 63
60 64
60 65
66 150
66 68
66 69
69 70
69 71
69 72
69 73
69 74
75 150
75 77
75 78
78 79
78 80
78 81
78 82
78 83
84 85
84 94
84 103
84 112
85 150
85 87
85 88
88 89
88 90
88 91
88 92
88 93
94 150
94 96
94 97
97 98
97 99
97 100
97 101
97 102
103 150
103 105
103 106
106 107
106 108
106 109
106 110
106 111
112 150
112 114
112 115
115 116
115 117
115 118
115 119
115 120
121 122
121 131
121 140
121 149
122 150
122 124
122 125
125 126
125 127
125 128
125 129
125 130
131 150
131 133
131 134
134 135
134 136
134 137
134 138
134 139
140 150
140 142
140 143
143 144
143 145
143 146
143 147
143 148
149 150
149 151
149 152
152 153
152 154
152 155
152 156
152 157
158 2290
158 2291
158 161
161 162
161 199
161 236
161 273
162 163
162 172
162 181
162 190
163 302
163 165
163 166
166 167
166 168
166 169
166 170
166 171
172 302
172 174
172 175
175 176
175 177
175 178
175 179
175 180
181 302
181 183
181 184
184 185
184 186
184 187
184 188
184 189
190 302
190 192
190 193
193 194
193 195
193 196
193 197
193 198
199 200
199 209
199 218
199 227
200 302
200 202
200 203
203 204
203 205
203 206
203 207
203 208
209 302
209 211
209 212
212 213
212 214
212 215
212 216
212 217
218 302
218 220
218 221
221 222
221 223
221 224
221 225
221 226
227 302
227 229
227 230
230 231
230 232
230 233
230 234
230 235
236 237
236 246
236 255
236 264
237 302
237 239
237 240
240 241
240 242
240 243
240 244
240 245
246 302
246 248
246 249
249 250
249 251
249 252
249 253
249 254
255 302
255 257
255 258
258 259
258 260
258 261
258 262
258 263
264 302
264 266
264 267
267 268
267 269
267 270
267 271
267 272
273 274
273 283
273 292
273 301
274 302
274 276
274 277
277 278
277 279
277 280
277 281
277 282
283 302
283 285
283 286
286 287
286 288
286 289
286 290
286 291
292 302
292 294
292 295
295 296
295 297
295 298
295 299
295 300
301 302
301 303
301 304
304 305
304 306
304 307
304 308
304 309
310 2290
310 2291
310 313
313 314
313 351
313 388
313 425
314 315
314 324
314 333
314 342
315 454
315 317
315 318
318 319
318 320
318 321
318 322
318 323
324 454
324 326
324 327
327 328
327 329
327 330
327 331
327 332
333 454
333 335
333 336
336 337
336 338
336 339
336 340
336 341
342 454
342 344
342 345
345 346
345 347
345 348
345 349
345 350
351 352
351 361
351 370
351 379
352 454
352 354
352 355
355 356
355 357
355 358
355 359
355 360
361 454
361 363
361 364
364 365
364 366
364 367
364 368
364 369
370 454
370 372
370 373
373 374
373 375
373 376
373 377
373 378
379 454
379 381
379 382
382 383
382 384
382 385
382 386
382 387
388 389
388 398
388 407
388 416
389 454
389 391
389 392
392 393
392 394
392 395
392 396
392 397
398 454
398 400
398 401
401 402
401 403
401 404
401 405
401 406
407 454
407 409
407 410
410 411
410 412
410 413
410 414
410 415
416 454
416 418
416 419
419 420
419 421
419 422
419 423
419 424
425 426
425 435
425 444
425 453
426 454
426 428
426 429
429 430
429 431
429 432
429 433
429 434
435 454
435 437
435 438
438 439
438 440
438 441
438 442
438 443
444 454
444 446
444 447
447 448
447 449
447 450
447 451
447 452
453 454
453 455
453 456
456 457
456 458
456 459
456 460
456 461
462 2290
462 2291
462 465
465 466
465 503
465 540
465 577
466 467
466 476
466 485
466 494
467 606
467 469
467 470
470 471
470 472
470 473
470 474
470 475
476 606
476 478
476 479
479 480
479 481
479 482
479 483
479 484
485 606
485 487
485 488
488 489
488 490
488 491
488 492
488 493
494 606
494 496
494 497
497 498
497 499
497 500
497 501
497 502
503 504
503 513
503 522
503 531
504 606
504 506
504 507
507 508
507 509
507 510
507 511
507 512
513 606
513 515
513 516
516 517
516 518
516 519
516 520
516 521
522 606
522 524
522 525
525 526
525 527
525 528
525 529
525 530
531 606
531 533
531 534
534 535
534 536
534 537
534 538
534 539
540 541
540 550
540 559
540 568
541 606
541 543
541 544
544 545
544 546
544 547
544 548
544 549
550 606
550 552
550 553
553 554
553 555
553 556
553 557
553 558
559 606
559 561
559 562
562 563
562 564
562 565
562 566
562 567
568 606
568 570
568 571
571 572
571 573
571 574
571 575
571 576
577 578
577 587
577 596
577 605
578 606
578 580
578 581
581 582
581 583
581 584
581 585
581 586
587 606
587 589
587 590
590 591
590 592
590 593
590 594
590 595
596 606
596 598
596 599
599 600
599 601
599 602
599 603
599 604
605 606
605 607
605 608
608 609
608 610
608 611
608 612
608 613
614 615
614 767
614 919
614 1071
615 2290
615 2291
615 618
618 619
618 656
618 693
618 730
619 620
619 629
619 638
619 647
620 759
620 622
620 623
623 624
623 625
623 626
623 627
623 628
629 759
629 631
629 632
632 633
632 634
632 635
632 636
632 637
638 759
638 640
638 641
641 642
641 643
641 644
641 645
641 646
647 759
647 649
647 650
650 651
650 652
650 653
650 654
650 655
656 657
656 666
656 675
656 684
657 759
657 659
657 660
660 661
660 662
660 663
660 664
660 665
666 759
666 668
666 669
669 670
669 671
669 672
669 673
669 674
675 759
675 677
675 678
678 679
678 680
678 681
678 682
678 683
684 759
684 686
684 687
687 688
687 689
687 690
687 691
687 692
693 694
693 703
693 712
693 721
694 759
694 696
694 697
697 698
697 699
697 700
697 701
697 702
703 759
703 705
703 706
706 707
706 708
706 709
706 710
706 711
712 759
712 714
712 715
715 716
715 717
715 718
715 719
715 720
721 759
721 723
721 724
724 725
724 726
724 727
724 728
724 729
730 731
730 740
730 749
730 758
731 759
731 733
731 734
734 735
734 736
734 737
734 738
734 739
740 759
740 742
740 743
743 744
743 745
743 746
743 747
743 748
749 759
749 751
749 752
752 753
752 754
752 755
752 756
752 757
758 759
758 760
758 761
761 762
761 763
761 764
761 765
761 766
767 2290
767 2291
767 770
770 771
770 808
770 845
770 882
771 772
771 781
771 790
771 799
772 911
772 774
772 775
775 776
775 777
775 778
775 779
775 780
781 911
781 783
781 784
784 785
784 786
784 787
784 788
784 789
790 911
790 792
790 793
793 794
793 795
793 796
793 797
793 798
799 911
799 801
799 802
802 803
802 804
802 805
802 806
802 807
808 809
808 818
808 827
808 836
809 911
809 811
809 812
812 813
812 814
812 815
812 816
812 817
818 911
818 820
818 821
821 822
821 823
821 824
821 825
821 826
827 911
827 829
827 830
830 831
830 832
830 833
830 834
830 835
836 911
836 838
836 839
839 840
839 841
839 842
839 843
839 844
845 846
845 855
845 864
845 873
846 911
846 848
846 849
849 850
849 851
849 852
849 853
849 854
855 911
855 857
855 858
858 859
858 860
858 861
858 862
858 863
864 911
864 866
864 867
867 868
867 869
867 870
867 871
867 872
873 911
873 875
873 876
876 877
876 878
876 879
876 880
876 881
882 883
882 892
882 901
882 910
883 911
883 885
883 886
886 887
886 888
886 889
886 890
886 891
892 911
892 894
892 895
895 896
895 897
895 898
895 899
895 900
901 911
901 903
901 904
904 905
904 906
904 907
904 908
904 909
910 911
910 912
910 913
913 914
913 915
913 916
913 917
913 918
919 2290
919 2291
919 922
922 923
922 960
922 997
922 1034
923 924
923 933
923 942
923 951
924 1063
924 926
924 927
927 928
927 929
927 930
927 931
927 932
933 1063
933 935
933 936
936 937
936 938
936 939
936 940
936 941
942 1063
942 944
942 945
945 946
945 947
945 948
945 949
945 950
951 1063
951 953
951 954
954 955
954 956
954 957
954 958
954 959
960 961
960 970
960 979
960 988
961 1063
961 963
961 964
964 965
964 966
964 967
964 968
964 969
970 1063
970 972
970 973
973 974
973 975
973 976
973 977
973 978
979 1063
979 981
979 982
982 983
982 984
982 985
982 986
982 987
988 1063
988 990
988 991
991 992
991 993
991 994
991 995
991 996
997 998
997 1007
997 1016
997 1025
998 1063
998 1000
998 1001
1001 1002
1001 1003
1001 1004
1001 1005
1001 1006
1007 1063
1007 1009
1007 1010
1010 1011
1010 1012
1010 1013
1010 1014
1010 1015
1016 1063
1016 1018
1016 1019
1019 1020
1019 1021
1019 1022
1019 1023
1019 1024
1025 1063
1025 1027
1025 1028
1028 1029
1028 1030
1028 1031
1028 1032
1028 1033
1034 1035
1034 1044
1034 1053
1034 1062
1035 1063
1035 1037
1035 1038
1038 1039
1038 1040
1038 1041
1038 1042
1038 1043
1044 1063
1044 1046
1044 1047
1047 1048
1047 1049
1047 1050
1047 1051
1047 1052
1053 1063
1053 1055
1053 1056
1056 1057
1056 1058
1056 1059
1056 1060
1056 1061
1062 1063
1062 1064
1062 1065
1065 1066
1065 1067
1065 1068
1065 1069
1065 1070
1071 2290
1071 2291
1071 1074
1074 1075
1074 1112
1074 1149
1074 1186
1075 1076
1075 1085
1075 1094
1075 1103
1076 1215
1076 1078
1076 1079
1079 1080
1079 1081
1079 1082
1079 1083
1079 1084
1085 1215
1085 1087
1085 1088
1088 1089
1088 1090
1088 1091
1088 1092
1088 1093
1094 1215
1094 1096
1094 1097
1097 1098
1097 1099
1097 1100
1097 1101
1097 1102
1103 1215
1103 1105
1103 1106
1106 1107
1106 1108
1106 1109
1106 1110
1106 1111
1112 1113
1112 1122
1112 1131
1112 1140
1113 1215
1113 1115
1113 1116
1116 1117
1116 1118
1116 1119
1116 1120
1116 1121
1122 1215
1122 1124
1122 1125
1125 1126
1125 1127
1125 1128
1125 1129
1125 1130
1131 1215
1131 1133
1131 1134
1134 1135
1134 1136
1134 1137
1134 1138
1134 1139
1140 1215
1140 1142
1140 1143
1143 1144
1143 1145
1143 1146
1143 1147
1143 1148
1149 1150
1149 1159
1149 1168
1149 1177
1150 1215
1150 1152
1150 1153
1153 1154
1153 1155
1153 1156
1153 1157
1153 1158
1159 1215
1159 1161
1159 1162
1162 1163
1162 1164
1162 1165
1162 1166
1162 1167
1168 1215
1168 1170
1168 1171
1171 1172
1171 1173
1171 1174
1171 1175
1171 1176
1177 1215
1177 1179
1177 1180
1180 1181
1180 1182
1180 1183
1180 1184
1180 1185
1186 1187
1186 1196
1186 1205
1186 1214
1187 1215
1187 1189
1187 1190
1190 1191
1190 1192
1190 1193
1190 1194
1190 1195
1196 1215
1196 1198
1196 1199
1199 1200
1199 1201
1199 1202
1199 1203
1199 1204
1205 1215
1205 1207
1205 1208
1208 1209
1208 1210
1208 1211
1208 1212
1208 1213
1214 1215
1214 1216
1214 1217
1217 1218
1217 1219
1217 1220
1217 1221
1217 1222
1223 1224
1223 1376
1223 1528
1223 1680
1224 2290
1224 2291
1224 1227
1227 1228
1227 1265
1227 1302
1227 1339
1228 1229
1228 1238
1228 1247
1228 1256
1229 1368
1229 1231
1229 1232
1232 1233
1232 1234
1232 1235
1232 1236
1232 1237
1238 1368
1238 1240
1238 1241
1241 1242
1241 1243
1241 1244
1241 1245
1241 1246
1247 1368
1247 1249
1247 1250
1250 1251
1250 1252
1250 1253
1250 1254
1250 1255
1256 1368
1256 1258
1256 1259
1259 1260
1259 1261
1259 1262
1259 1263
1259 1264
1265 1266
1265 1275
1265 1284
1265 1293
1266 1368
1266 1268
1266 1269
1269 1270
1269 1271
1269 1272
1269 1273
1269 1274
1275 1368
1275 1277
1275 1278
1278 1279
1278 1280
1278 1281
1278 1282
1278 1283
1284 1368
1284 1286
1284 1287
1287 1288
1287 1289
1287 1290
1287 1291
1287 1292
1293 1368
1293 1295
1293 1296
1296 1297
1296 1298
1296 1299
1296 1300
1296 1301
1302 1303
1302 1312
1302 1321
1302 1330
1303 1368
1303 1305
1303 1306
1306 1307
1306 1308
1306 1309
1306 1310
1306 1311
1312 1368
1312 1314
1312 1315
1315 1316
1315 1317
1315 1318
1315 1319
1315 1320
1321 1368
1321 1323
1321 1324
1324 1325
1324 1326
1324 1327
1324 1328
1324 1329
1330 1368
1330 1332
1330 1333
1333 1334
1333 1335
1333 1336
1333 1337
1333 1338
1339 1340
1339 1349
1339 1358
1339 1367
1340 1368
1340 1342
1340 1343
1343 1344
1343 1345
1343 1346
1343 1347
1343 1348
1349 1368
1349 1351
1349 1352
1352 1353
1352 1354
1352 1355
1352 1356
1352 1357
1358 1368
1358 1360
1358 1361
1361 1362
1361 1363
1361 1364
1361 1365
1361 1366
1367 1368
1367 1369
1367 1370
1370 1371
1370 1372
1370 1373
1370 1374
1370 1375
1376 2290
1376 2291
1376 1379
1379 1380
1379 1417
1379 1454
1379 1491
1380 1381
1380 1390
1380 1399
1380 1408
1381 1520
1381 1383
1381 1384
1384 1385
1384 1386
1384 1387
1384 1388
1384 1389
1390 1520
1390 1392
1390 1393
1393 1394
1393 1395
1393 1396
1393 1397
1393 1398
1399 1520
1399 1401
1399 1402
1402 1403
1402 1404
1402 1405
1402 1406
1402 1407
1408 1520
1408 1410
1408 1411
1411 1412
1411 1413
1411 1414
1411 1415
1411 1416
1417 1418
1417 1427
1417 1436
1417 1445
1418 1520
1418 1420
1418 1421
1421 1422
1421 1423
1421 1424
1421 1425
1421 1426
1427 1520
1427 1429
1427 1430
1430 1431
1430 1432
1430 1433
1430 1434
1430 1435
1436 1520
1436 1438
1436 1439
1439 1440
1439 1441
1439 1442
1439 1443
1439 1444
1445 1520
1445 1447
1445 1448
1448 1449
1448 1450
1448 1451
1448 1452
1448 1453
1454 1455
1454 1464
1454 1473
1454 1482
1455 1520
1455 1457
1455 1458
1458 1459
1458 1460
1458 1461
1458 1462
1458 1463
1464 1520
1464 1466
1464 1467
1467 1468
1467 1469
1467 1470
1467 1471
1467 1472
1473 1520
1473 1475
1473 1476
1476 1477
1476 1478
1476 1479
1476 1480
1476 1481
1482 1520
1482 1484
1482 1485
1485 1486
1485 1487
1485 1488
1485 1489
1485 1490
1491 1492
1491 1501
1491 1510
1491 1519
1492 1520
1492 1494
1492 1495
1495 1496
1495 1497
1495 1498
1495 1499
1495 1500
1501 1520
1501 1503
1501 1504
1504 1505
1504 1506
1504 1507
1504 1508
1504 1509
1510 1520
1510 1512
1510 1513
1513 1514
1513 1515
1513 1516
1513 1517
1513 1518
1519 1520
1519 1521
1519 1522
1522 1523
1522 1524
1522 1525
1522 1526
1522 1527
1528 2290
1528 2291
1528 1531
1531 1532
1531 1569
1531 1606
1531 1643
1532 1533
1532 1542
1532 1551
1532 1560
1533 1672
1533 1535
1533 1536
1536 1537
1536 1538
1536 1539
1536 1540
1536 1541
1542 1672
1542 1544
1542 1545
1545 1546
1545 1547
1545 1548
1545 1549
1545 1550
1551 1672
1551 1553
1551 1554
1554 1555
1554 1556
1554 1557
1554 1558
1554 1559
1560 1672
1560 1562
1560 1563
1563 1564
1563 1565
1563 1566
1563 1567
1563 1568
1569 1570
1569 1579
1569 1588
1569 1597
1570 1672
1570 1572
1570 1573
1573 1574
1573 1575
1573 1576
1573 1577
1573 1578
1579 1672
1579 1581
1579 1582
1582 1583
1582 1584
1582 1585
1582 1586
1582 1587
1588 1672
1588 1590
1588 1591
1591 1592
1591 1593
1591 1594
1591 1595
1591 1596
1597 1672
1597 1599
1597 1600
1600 1601
1600 1602
1600 1603
1600 1604
1600 1605
1606 1607
1606 1616
1606 1625
1606 1634
1607 1672
1607 1609
1607 1610
1610 1611
1610 1612
1610 1613
1610 1614
1610 1615
1616 1672
1616 1618
1616 1619
1619 1620
1619 1621
1619 1622
1619 1623
1619 1624
1625 1672
1625 1627
1625 1628
1628 1629
1628 1630
1628 1631
1628 1632
1628 1633
1634 1672
1634 1636
1634 1637
1637 1638
1637 1639
1637 1640
1637 1641
1637 1642
1643 1644
1643 1653
1643 1662
1643 1671
1644 1672
1644 1646
1644 1647
1647 1648
1647 1649
1647 1650
1647 1651
1647 1652
1653 1672
1653 1655
1653 1656
1656 1657
1656 1658
1656 1659
1656 1660
1656 1661
1662 1672
1662 1664
1662 1665
1665 1666
1665 1667
1665 1668
1665 1669
1665 1670
1671 1672
1671 1673
1671 1674
1674 1675
1674 1676
1674 1677
1674 1678
1674 1679
1680 2290
1680 2291
1680 1683
1683 1684
1683 1721
1683 1758
1683 1795
1684 1685
1684 1694
1684 1703
1684 1712
1685 1824
1685 1687
1685 1688
1688 1689
1688 1690
1688 1691
1688 1692
1688 1693
1694 1824
1694 1696
1694 1697
1697 1698
1697 1699
1697 1700
1697 1701
1697 1702
1703 1824
1703 1705
1703 1706
1706 1707
1706 1708
1706 1709
1706 1710
1706 1711
1712 1824
1712 1714
1712 1715
1715 1716
1715 1717
1715 1718
1715 1719
1715 1720
1721 1722
1721 1731
1721 1740
1721 1749
1722 1824
1722 1724
1722 1725
1725 1726
1725 1727
1725 1728
1725 1729
1725 1730
1731 1824
1731 1733
1731 1734
1734 1735
1734 1736
1734 1737
1734 1738
1734 1739
1740 1824
1740 1742
1740 1743
1743 1744
1743 1745
1743 1746
1743 1747
1743 1748
1749 1824
1749 1751
1749 1752
1752 1753
1752 1754
1752 1755
1752 1756
1752 1757
1758 1759
1758 1768
1758 1777
1758 1786
1759 1824
1759 1761
1759 1762
1762 1763
1762 1764
1762 1765
1762 1766
1762 1767
1768 1824
1768 1770
1768 1771
1771 1772
1771 1773
1771 1774
1771 1775
1771 1776
1777 1824
1777 1779
1777 1780
1780 1781
1780 1782
1780 1783
1780 1784
1780 1785
1786 1824
1786 1788
1786 1789
1789 1790
1789 1791
1789 1792
1789 1793
1789 1794
1795 1796
1795 1805
1795 1814
1795 1823
1796 1824
1796 1798
1796 1799
1799 1800
1799 1801
1799 1802
1799 1803
1799 1804
1805 1824
1805 1807
1805 1808
1808 1809
1808 1810
1808 1811
1808 1812
1808 1813
1814 1824
1814 1816
1814 1817
1817 1818
1817 1819
1817 1820
1817 1821
1817 1822
1823 1824
1823 1825
1823 1826
1826 1827
1826 1828
1826 1829
1826 1830
1826 1831
1832 1833
1832 1985
1832 2137
1832 2289
1833 2290
1833 2291
1833 1836
1836 1837
1836 1874
1836 1911
1836 1948
1837 1838
1837 1847
1837 1856
1837 1865
1838 1977
1838 1840
1838 1841
1841 1842
1841 1843
1841 1844
1841 1845
1841 1846
1847 1977
1847 1849
1847 1850
1850 1851
1850 1852
1850 1853
1850 1854
1850 1855
1856 1977
1856 1858
1856 1859
1859 1860
1859 1861
1859 1862
1859 1863
1859 1864
1865 1977
1865 1867
1865 1868
1868 1869
1868 1870
1868 1871
1868 1872
1868 1873
1874 1875
1874 1884
1874 1893
1874 1902
1875 1977
1875 1877
1875 1878
1878 1879
1878 1880
1878 1881
1878 1882
1878 1883
1884 1977
1884 1886
1884 1887
1887 1888
1887 1889
1887 1890
1887 1891
1887 1892
1893 1977
1893 1895
1893 1896
1896 1897
1896 1898
1896 1899
1896 1900
1896 1901
1902 1977
1902 1904
1902 1905
1905 1906
1905 1907
1905 1908
1905 1909
1905 1910
1911 1912
1911 1921
1911 1930
1911 1939
1912 1977
1912 1914
1912 1915
1915 1916
1915 1917
1915 1918
1915 1919
1915 1920
1921 1977
1921 1923
1921 1924
1924 1925
1924 1926
1924 1927
1924 1928
1924 1929
1930 1977
1930 1932
1930 1933
1933 1934
1933 1935
1933 1936
1933 1937
1933 1938
1939 1977
1939 1941
1939 1942
1942 1943
1942 1944
1942 1945
1942 1946
1942 1947
1948 1949
1948 1958
1948 1967
1948 1976
1949 1977
1949 1951
1949 1952
1952 1953
1952 1954
1952 1955
1952 1956
1952 1957
1958 1977
1958 1960
1958 1961
1961 1962
1961 1963
1961 1964
1961 1965
1961 1966
1967 1977
1967 1969
1967 1970
1970 1971
1970 1972
1970 1973
1970 1974
1970 1975
1976 1977
1976 1978
1976 1979
1979 1980
1979 1981
1979 1982
1979 1983
1979 1984
1985 2290
1985 2291
1985 1988
1988 1989
1988 2026
1988 2063
1988 2100
1989 1990
1989 1999
1989 2008
1989 2017
1990 2129
1990 1992
1990 1993
1993 1994
1993 1995
1993 1996
1993 1997
1993 1998
1999 2129
1999 2001
1999 2002
2002 2003
2002 2004
2002 2005
2002 2006
2002 2007
2008 2129
2008 2010
2008 2011
2011 2012
2011 2013
2011 2014
2011 2015
2011 2016
2017 2129
2017 2019
2017 2020
2020 2021
2020 2022
2020 2023
2020 2024
2020 2025
2026 2027
2026 2036
2026 2045
2026 2054
2027 2129
2027 2029
2027 2030
2030 2031
2030 2032
2030 2033
2030 2034
2030 2035
2036 2129
2036 2038
2036 2039
2039 2040
2039 2041
2039 2042
2039 2043
2039 2044
2045 2129
2045 2047
2045 2048
2048 2049
2048 2050
2048 2051
2048 2052
2048 2053
2054 2129
2054 2056
2054 2057
2057 2058
2057 2059
2057 2060
2057 2061
2057 2062
2063 2064
2063 2073
2063 2082
2063 2091
2064 2129
2064 2066
2064 2067
2067 2068
2067 2069
2067 2070
2067 2071
2067 2072
2073 2129
2073 2075
2073 2076
2076 2077
2076 2078
2076 2079
2076 2080
2076 2081
2082 2129
2082 2084
2082 2085
2085 2086
2085 2087
2085 2088
2085 2089
2085 2090
2091 2129
2091 2093
2091 2094
2094 2095
2094 2096
2094 2097
2094 2098
2094 2099
2100 2101
2100 2110
2100 2119
2100 2128
2101 2129
2101 2103
2101 2104
2104 2105
2104 2106
2104 2107
2104 2108
2104 2109
2110 2129
2110 2112
2110 2113
2113 2114
2113 2115
2113 2116
2113 2117
2113 2118
2119 2129
2119 2121
2119 2122
2122 2123
2122 2124
2122 2125
2122 2126
2122 2127
2128 2129
2128 2130
2128 2131
2131 2132
2131 2133
2131 2134
2131 2135
2131 2136
2137 2290
2137 2291
2137 2140
2140 2141
2140 2178
2140 2215
2140 2252
2141 2142
2141 2151
2141 2160
2141 2169
2142 2281
2142 2144
2142 2145
2145 2146
2145 2147
2145 2148
2145 2149
2145 2150
2151 2281
2151 2153
2151 2154
2154 2155
2154 2156
2154 2157
2154 2158
2154 2159
2160 2281
2160 2162
2160 2163
2163 2164
2163 2165
2163 2166
2163 2167
2163 2168
2169 2281
2169 2171
2169 2172
2172 2173
2172 2174
2172 2175
2172 2176
2172 2177
2178 2179
2178 2188
2178 2197
2178 2206
2179 2281
2179 2181
2179 2182
2182 2183
2182 2184
2182 2185
2182 2186
2182 2187
2188 2281
2188 2190
2188 2191
2191 2192
2191 2193
2191 2194
2191 2195
2191 2196
2197 2281
2197 2199
2197 2200
2200 2201
2200 2202
2200 2203
2200 2204
2200 2205
2206 2281
2206 2208
2206 2209
2209 2210
2209 2211
2209 2212
2209 2213
2209 2214
2215 2216
2215 2225
2215 2234
2215 2243
2216 2281
2216 2218
2216 2219
2219 2220
2219 2221
2219 2222
2219 2223
2219 2224
2225 2281
2225 2227
2225 2228
2228 2229
2228 2230
2228 2231
2228 2232
2228 2233
2234 2281
2234 2236
2234 2237
2237 2238
2237 2239
2237 2240
2237 2241
2237 2242
2243 2281
2243 2245
2243 2246
2246 2247
2246 2248
2246 2249
2246 2250
2246 2251
2252 2253
2252 2262
2252 2271
2252 2280
2253 2281
2253 2255
2253 2256
2256 2257
2256 2258
2256 2259
2256 2260
2256 2261
2262 2281
2262 2264
2262 2265
2265 2266
2265 2267
2265 2268
2265 2269
2265 2270
2271 2281
2271 2273
2271 2274
2274 2275
2274 2276
2274 2277
2274 2278
2274 2279
2280 2281
2280 2282
2280 2283
2283 2284
2283 2285
2283 2286
2283 2287
2283 2288
2289 2290
2289 2291
2289 2292
2292 2293
2292 2330
2292 2367
2292 2404
2293 2294
2293 2303
2293 2312
2293 2321
2294 2433
2294 2296
2294 2297
2297 2298
2297 2299
2297 2300
2297 2301
2297 2302
2303 2433
2303 2305
2303 2306
2306 2307
2306 2308
2306 2309
2306 2310
2306 2311
2312 2433
2312 2314
2312 2315
2315 2316
2315 2317
2315 2318
2315 2319
2315 2320
2321 2433
2321 2323
2321 2324
2324 2325
2324 2326
2324 2327
2324 2328
2324 2329
2330 2331
2330 2340
2330 2349
2330 2358
2331 2433
2331 2333
2331 2334
2334 2335
2334 2336
2334 2337
2334 2338
2334 2339
2340 2433
2340 2342
2340 2343
2343 2344
2343 2345
2343 2346
2343 2347
2343 2348
2349 2433
2349 2351
2349 2352
2352 2353
2352 2354
2352 2355
2352 2356
2352 2357
2358 2433
2358 2360
2358 2361
2361 2362
2361 2363
2361 2364
2361 2365
2361 2366
2367 2368
2367 2377
2367 2386
2367 2395
2368 2433
2368 2370
2368 2371
2371 2372
2371 2373
2371 2374
2371 2375
2371 2376
2377 2433
2377 2379
2377 2380
2380 2381
2380 2382
2380 2383
2380 2384
2380 2385
2386 2433
2386 2388
2386 2389
2389 2390
2389 2391
2389 2392
2389 2393
2389 2394
2395 2433
2395 2397
2395 2398
2398 2399
2398 2400
2398 2401
2398 2402
2398 2403
2404 2405
2404 2414
2404 2423
2404 2432
2405 2433
2405 2407
2405 2408
2408 2409
2408 2410
2408 2411
2408 2412
2408 2413
2414 2433
2414 2416
2414 2417
2417 2418
2417 2419
2417 2420
2417 2421
2417 2422
2423 2433
2423 2425
2423 2426
2426 2427
2426 2428
2426 2429
2426 2430
2426 2431
2432 2433
2432 2434
2432 2435
2435 2436
2435 2437
2435 2438
2435 2439
2435 2440

1536
13 15 16 17 18 19 22 24 25 26 27 28 31 33 34 35 36 37 40 42 43 44 45 46 50 52 53 54 55 56 59 61 62 63 64 65 68 70 71 72 73 74 77 79 80 81 82 83 87 89 90 91 92 93 96 98 99 100 101 102 105 107 108 109 110 111 114 116 117 118 119 120 124 126 127 128 129 130 133 135 136 137 138 139 142 144 145 146 147 148 151 153 154 155 156 157 165 167 168 169 170 171 174 176 177 178 179 180 183 185 186 187 188 189 192 194 195 196 197 198 202 204 205 206 207 208 211 213 214 215 216 217 220 222 223 224 225 226 229 231 232 233 234 235 239 241 242 243 244 245 248 250 251 252 253 254 257 259 260 261 262 263 266 268 269 270 271 272 276 278 279 280 281 282 285 287 288 289 290 291 294 296 297 298 299 300 303 305 306 307 308 309 317 319 320 321 322 323 326 328 329 330 331 332 335 337 338 339 340 341 344 346 347 348 349 350 354 356 357 358 359 360 363 365 366 367 368 369 372 374 375 376 377 378 381 383 384 385 386 387 391 393 394 395 396 397 400 402 403 404 405 406 409 411 412 413 414 415 418 420 421 422 423 424 428 430 431 432 433 434 437 439 440 441 442 443 446 448 449 450 451 452 455 457 458 459 460 461 469 471 472 473 474 475 478 480 481 482 483 484 487 489 490 491 492 493 496 498 499 500 501 502 506 508 509 510 511 512 515 517 518 519 520 521 524 526 527 528 529 530 533 535 536 537 538 539 543 545 546 547 548 549 552 554 555 556 557 558 561 563 564 565 566 567 570 572 573 574 575 576 580 582 583 584 585 586 589 591 592 593 594 595 598 600 601 602 603 604 607 609 610 611 612 613 622 624 625 626 627 628 631 633 634 635 636 637 640 642 643 644 645 646 649 651 652 653 654 655 659 661 662 663 664 665 668 670 671 672 673 674 677 679 680 681 682 683 686 688 689 690 691 692 696 698 699 700 701 702 705 707 708 709 710 711 714 716 717 718 719 720 723 725 726 727 728 729 733 735 736 737 738 739 742 744 745 746 747 748 751 753 754 755 756 757 760 762 763 764 765 766 774 776 777 778 779 780 783 785 786 787 788 789 792 794 795 796 797 798 801 803 804 805 806 807 811 813 814 815 816 817 820 822 823 824 825 826 829 831 832 833 834 835 838 840 841 842 843 844 848 850 851 852 853 854 857 859 860 861 862 863 866 868 869 870 871 872 875 877 878 879 880 881 885 887 888 889 890 891 894 896 897 898 899 900 903 905 906 907 908 909 912 914 915 916 917 918 926 928 929 930 931 932 935 937 938 939 940 941 944 946 947 948 949 950 953 955 956 957 958 959 963 965 966 967 968 969 972 974 975 976 977 978 981 983 984 985 986 987 990 992 993 994 995 996 1000 1002 1003 1004 1005 1006 1009 1011 1012 1013 1014 1015 1018 1020 1021 1022 1023 1024 1027 1029 1030 1031 1032 1033 1037 1039 1040 1041 1042 1043 1046 1048 1049 1050 1051 1052 1055 1057 1058 1059 1060 1061 1064 1066 1067 1068 1069 1070 1078 1080 1081 1082 1083 1084 1087 1089 1090 1091 1092 1093 1096 1098 1099 1100 1101 1102 1105 1107 1108 1109 1110 1111 1115 1117 1118 1119 1120 1121 1124 1126 1127 1128 1129 1130 1133 1135 1136 1137 1138 1139 1142 1144 1145 1146 1147 1148 1152 1154 1155 1156 1157 1158 1161 1163 1164 1165 1166 1167 1170 1172 1173 1174 1175 1176 1179 1181 1182 1183 1184 1185 1189 1191 1192 1193 1194 1195 1198 1200 1201 1202 1203 1204 1207 1209 1210 1211 1212 1213 1216 1218 1219 1220 1221 1222 1231 1233 1234 1235 1236 1237 1240 1242 1243 1244 1245 1246 1249 1251 1252 1253 1254 1255 1258 1260 1261 1262 1263 1264 1268 1270 1271 1272 1273 1274 1277 1279 1280 1281 1282 1283 1286 1288 1289 1290 1291 1292 1295 1297 1298 1299 1300 1301 1305 1307 1308 1309 1310 1311 1314 1316 1317 1318 1319 1320 1323 1325 1326 1327 1328 1329 1332 1334 1335 1336 1337 1338 1342 1344 1345 1346 1347 1348 1351 1353 1354 1355 1356 1357 1360 1362 1363 1364 1365 1366 1369 1371 1372 1373 1374 1375 1383 1385 1386 1387 1388 1389 1392 1394 1395 1396 1397 1398 1401 1403 1404 1405 1406 1407 1410 1412 1413 1414 1415 1416 1420 1422 1423 1424 1425 1426 1429 1431 1432 1433 1434 1435 1438 1440 1441 1442 1443 1444 1447 1449 1450 1451 1452 1453 1457 1459 1460 1461 1462 1463 1466 1468 1469 1470 1471 1472 1475 1477 1478 1479 1480 1481 1484 1486 1487 1488 1489 1490 1494 1496 1497 1498 1499 1500 1503 1505 1506 1507 1508 1509 1512 1514 1515 1516 1517 1518 1521 1523 1524 1525 1526 1527 1535 1537 1538 1539 1540 1541 1544 1546 1547 1548 1549 1550 1553 1555 1556 1557 1558 1559 1562 1564 1565 1566 1567 1568 1572 1574 1575 1576 1577 1578 1581 1583 1584 1585 1586 1587 1590 1592 1593 1594 1595 1596 1599 1601 1602 1603 1604 1605 1609 1611 1612 1613 1614 1615 1618 1620 1621 1622 1623 1624 1627 1629 1630 1631 1632 1633 1636 1638 1639 1640 1641 1642 1646 1648 1649 1650 1651 1652 1655 1657 1658 1659 1660 1661 1664 1666 1667 1668 1669 1670 1673 1675 1676 1677 1678 1679 1687 1689 1690 1691 1692 1693 1696 1698 1699 1700 1701 1702 1705 1707 1708 1709 1710 1711 1714 1716 1717 1718 1719 1720 1724 1726 1727 1728 1729 1730 1733 1735 1736 1737 1738 1739 1742 1744 1745 1746 1747 1748 1751 1753 1754 1755 1756 1757 1761 1763 1764 1765 1766 1767 1770 1772 1773 1774 1775 1776 1779 1781 1782 1783 1784 1785 1788 1790 1791 1792 1793 1794 1798 1800 1801 1802 1803 1804 1807 1809 1810 1811 1812 1813 1816 1818 1819 1820 1821 1822 1825 1827 1828 1829 1830 1831 1840 1842 1843 1844 1845 1846 1849 1851 1852 1853 1854 1855 1858 1860 1861 1862 1863 1864 1867 1869 1870 1871 1872 1873 1877 1879 1880 1881 1882 1883 1886 1888 1889 1890 1891 1892 1895 1897 1898 1899 1900 1901 1904 1906 1907 1908 1909 1910 1914 1916 1917 1918 1919 1920 1923 1925 1926 1927 1928 1929 1932 1934 1935 1936 1937 1938 1941 1943 1944 1945 1946 1947 1951 1953 1954 1955 1956 1957 1960 1962 1963 1964 1965 1966 1969 1971 1972 1973 1974 1975 1978 1980 1981 1982 1983 1984 1992 1994 1995 1996 1997 1998 2001 2003 2004 2005 2006 2007 2010 2012 2013 2014 2015 2016 2019 2021 2022 2023 2024 2025 2029 2031 2032 2033 2034 2035 2038 2040 2041 2042 2043 2044 2047 2049 2050 2051 2052 2053 2056 2058 2059 2060 2061 2062 2066 2068 2069 2070 2071 2072 2075 2077 2078 2079 2080 2081 2084 2086 2087 2088 2089 2090 2093 2095 2096 2097 2098 2099 2103 2105 2106 2107 2108 2109 2112 2114 2115 2116 2117 2118 2121 2123 2124 2125 2126 2127 2130 2132 2133 2134 2135 2136 2144 2146 2147 2148 2149 2150 2153 2155 2156 2157 2158 2159 2162 2164 2165 2166 2167 2168 2171 2173 2174 2175 2176 2177 2181 2183 2184 2185 2186 2187 2190 2192 2193 2194 2195 2196 2199 2201 2202 2203 2204 2205 2208 2210 2211 2212 2213 2214 2218 2220 2221 2222 2223 2224 2227 2229 2230 2231 2232 2233 2236 2238 2239 2240 2241 2242 2245 2247 2248 2249 2250 2251 2255 2257 2258 2259 2260 2261 2264 2266 2267 2268 2269 2270 2273 2275 2276 2277 2278 2279 2282 2284 2285 2286 2287 2288 2296 2298 2299 2300 2301 2302 2305 2307 2308 2309 2310 2311 2314 2316 2317 2318 2319 2320 2323 2325 2326 2327 2328 2329 2333 2335 2336 2337 2338 2339 2342 2344 2345 2346 2347 2348 2351 2353 2354 2355 2356 2357 2360 2362 2363 2364 2365 2366 2370 2372 2373 2374 2375 2376 2379 2381 2382 2383 2384 2385 2388 2390 2391 2392 2393 2394 2397 2399 2400 2401 2402 2403 2407 2409 2410 2411 2412 2413 2416 2418 2419 2420 2421 2422 2425 2427 2428 2429 2430 2431 2434 2436 2437 2438 2439 2440 

290
2 3 2290 2291 150 150 150 150 150 150 150 150 150 150 150 150 150 150 150 150 2290 2291 302 302 302 302 302 302 302 302 302 302 302 302 302 302 302 302 2290 2291 454 454 454 454 454 454 454 454 454 454 454 454 454 454 454 454 2290 2291 606 606 606 606 606 606 606 606 606 606 606 606 606 606 606 606 2290 2291 759 759 759 759 759 759 759 759 759 759 759 759 759 759 759 759 2290 2291 911 911 911 911 911 911 911 911 911 911 911 911 911 911 911 911 2290 2291 1063 1063 1063 1063 1063 1063 1063 1063 1063 1063 1063 1063 1063 1063 1063 1063 2290 2291 1215 1215 1215 1215 1215 1215 1215 1215 1215 1215 1215 1215 1215 1215 1215 1215 2290 2291 1368 1368 1368 1368 1368 1368 1368 1368 1368 1368 1368 1368 1368 1368 1368 1368 2290 2291 1520 1520 1520 1520 1520 1520 1520 1520 1520 1520 1520 1520 1520 1520 1520 1520 2290 2291 1672 1672 1672 1672 1672 1672 1672 1672 1672 1672 1672 1672 1672 1672 1672 1672 2290 2291 1824 1824 1824 1824 1824 1824 1824 1824 1824 1824 1824 1824 1824 1824 1824 1824 2290 2291 1977 1977 1977 1977 1977 1977 1977 1977 1977 1977 1977 1977 1977 1977 1977 1977 2290 2291 2129 2129 2129 2129 2129 2129 2129 2129 2129 2129 2129 2129 2129 2129 2129 2129 2290 2291 2281 2281 2281 2281 2281 2281 2281 2281 2281 2281 2281 2281 2281 2281 2281 2281 2290 2291 2433 2433 2433 2433 2433 2433 2433 2433 2433 2433 2433 2433 2433 2433 2433 2433 

1
0 

16
6 158 310 462 615 767 919 1071 1224 1376 1528 1680 1833 1985 2137 2289 

64
10 47 84 121 162 199 236 273 314 351 388 425 466 503 540 577 619 656 693 730 771 808 845 882 923 960 997 1034 1075 1112 1149 1186 1228 1265 1302 1339 1380 1417 1454 1491 1532 1569 1606 1643 1684 1721 1758 1795 1837 1874 1911 1948 1989 2026 2063 2100 2141 2178 2215 2252 2293 2330 2367 2404 

16
9 161 313 465 618 770 922 1074 1227 1379 1531 1683 1836 1988 2140 2292 

256
11 20 29 38 48 57 66 75 85 94 103 112 122 131 140 149 163 172 181 190 200 209 218 227 237 246 255 264 274 283 292 301 315 324 333 342 352 361 370 379 389 398 407 416 426 435 444 453 467 476 485 494 504 513 522 531 541 550 559 568 578 587 596 605 620 629 638 647 657 666 675 684 694 703 712 721 731 740 749 758 772 781 790 799 809 818 827 836 846 855 864 873 883 892 901 910 924 933 942 951 961 970 979 988 998 1007 1016 1025 1035 1044 1053 1062 1076 1085 1094 1103 1113 1122 1131 1140 1150 1159 1168 1177 1187 1196 1205 1214 1229 1238 1247 1256 1266 1275 1284 1293 1303 1312 1321 1330 1340 1349 1358 1367 1381 1390 1399 1408 1418 1427 1436 1445 1455 1464 1473 1482 1492 1501 1510 1519 1533 1542 1551 1560 1570 1579 1588 1597 1607 1616 1625 1634 1644 1653 1662 1671 1685 1694 1703 1712 1722 1731 1740 1749 1759 1768 1777 1786 1796 1805 1814 1823 1838 1847 1856 1865 1875 1884 1893 1902 1912 1921 1930 1939 1949 1958 1967 1976 1990 1999 2008 2017 2027 2036 2045 2054 2064 2073 2082 2091 2101 2110 2119 2128 2142 2151 2160 2169 2179 2188 2197 2206 2216 2225 2234 2243 2253 2262 2271 2280 2294 2303 2312 2321 2331 2340 2349 2358 2368 2377 2386 2395 2405 2414 2423 2432 

256
14 23 32 41 51 60 69 78 88 97 106 115 125 134 143 152 166 175 184 193 203 212 221 230 240 249 258 267 277 286 295 304 318 327 336 345 355 364 373 382 392 401 410 419 429 438 447 456 470 479 488 497 507 516 525 534 544 553 562 571 581 590 599 608 623 632 641 650 660 669 678 687 697 706 715 724 734 743 752 761 775 784 793 802 812 821 830 839 849 858 867 876 886 895 904 913 927 936 945 954 964 973 982 991 1001 1010 1019 1028 1038 1047 1056 1065 1079 1088 1097 1106 1116 1125 1134 1143 1153 1162 1171 1180 1190 1199 1208 1217 1232 1241 1250 1259 1269 1278 1287 1296 1306 1315 1324 1333 1343 1352 1361 1370 1384 1393 1402 1411 1421 1430 1439 1448 1458 1467 1476 1485 1495 1504 1513 1522 1536 1545 1554 1563 1573 1582 1591 1600 1610 1619 1628 1637 1647 1656 1665 1674 1688 1697 1706 1715 1725 1734 1743 1752 1762 1771 1780 1789 1799 1808 1817 1826 1841 1850 1859 1868 1878 1887 1896 1905 1915 1924 1933 1942 1952 1961 1970 1979 1993 2002 2011 2020 2030 2039 2048 2057 2067 2076 2085 2094 2104 2113 2122 2131 2145 2154 2163 2172 2182 2191 2200 2209 2219 2228 2237 2246 2256 2265 2274 2283 2297 2306 2315 2324 2334 2343 2352 2361 2371 2380 2389 2398 2408 2417 2426 2435 

1
1 

4
5 614 1223 1832 

1
4 
